[[  0   0   0   0   0   0   0   0   0   0   0   0   0   0   0   0   0   0
    0   0   0   0   0]
 [  0   0   0   0   0   0   0   0   0   0   0   0   0   0   0   0   0   0
    0   0   0   0   0]
 [  0   0   0   0   0   0   0   0   0   0   0   0   0   0   0   0   0   0
    0   0   0   0   0]
 [  0   0   0   0   0   0   0   0   0   0   0   0   0   0   0   0   0   0
  143 109   0   0   0]
 [  0   0   0   0   0   0   0   0   0   0   0   0   0   0   0   0   0 112
  243 117   0   0   0]
 [  0   0   0   0   0   0   0   0   0   0   0   0   0   0   0   0  86 228
  227  52   0   0   0]
 [  0   0   0   0   0   0   0   0   0   1  39  41   2   0   0  13 138 232
  126   0   0   0   0]
 [  0   0   0   0   0   0   0   0   0  10 178 136  12   0   0  61 214 154
   16   0   0   0   0]
 [  0   0   0   0   0   0   0   0   0  13 220 159  18   0   6 113 246 120
    0   0   0   0   0]
 [  0   0   0   0   0   0   0   0   1 144 237 110   5   0  43 201 211  39
    0   0   0   0   0]
 [  0   0   0   0   0   0   0   8  72 236 168  22   0  30 191 229  78   0
    0   0   0   0   0]
 [  0   0   0   0   0   0  20 111 223 247 140  32   9 148 242 148  21   0
    0   0   0   0   0]
 [  0   0   0   0   0  13 125 235 253 227 231 180 163 233 207  28   0   0
    0   0   0   0   0]
 [  0   0   0   0   0 112 243 237 100  67 209 250 250 251 243 145  13   0
    0   0   0   0   0]
 [  0   0   0   0   0 180 146  30   0   2  89 227 234 220 207  87   0   0
    0   0   0   0   0]
 [  0   0   0   0   0  59  10   0   0  11 136 241 106  28  23   5   0   0
    0   0   0   0   0]
 [  0   0   0   0   0   0   0   0   0  85 217 173  30   0   0   0   0   0
    0   0   0   0   0]
 [  0   0   0   0   0   0   0   0  21 204 222  77   1   0   0   0   0   0
    0   0   0   0   0]
 [  0   0   0   0   0   0   0   0 183 245 113   0   0   0   0   0   0   0
    0   0   0   0   0]
 [  0   0   0   0   0   0   0   0  78 183  44   0   0   0   0   0   0   0
    0   0   0   0   0]
 [  0   0   0   0   0   0   0   0   0   0   0   0   0   0   0   0   0   0
    0   0   0   0   0]
 [  0   0   0   0   0   0   0   0   0   0   0   0   0   0   0   0   0   0
    0   0   0   0   0]
 [  0   0   0   0   0   0   0   0   0   0   0   0   0   0   0   0   0   0
    0   0   0   0   0]]